0010010010000000000000000000000000000000000000000000000
0000010010000011000100000100000000000000000000000000000
0000011101100000000010000110110000000000000000000000000
0000011000100000000010000110110000000000000000000000000
0011010100000000000000000000000000000000000000000000000
0000010010000011000100000100000100000000000000000000000
0000011001100000000010000110110000010000000000000000000
0000010111100000000010000110110000010000000000000000000
0000101101100000000000000000000000000010000000000000000
0000010010000011000100000100000000000000000000000000000
0000000000000000000000000000000000000000000000000000000
0000000000000000000000000000000000000000000000000000000
0000010010000000100000100110000000000000000000000000000
0000010010000011000001000100000000000000000000000000000
0000010010000011000010000001010000010000000000000000000
0000011100100000000010000000000000010000000000000000000
0001010000000000000000000000000011100000000000000000000
0001010001000000000000000000000011000000000000000000000
0000100001100000110000000000000000000000000000000000000
0000100001100000110000000000000000000000000000000000000
0000010010000010110000101110000000000000000000000000000
0000010010000010110000101001100000010000000000000000000
0000010010000000100000100001000000010000000000000000000
0000010000010000000100000000001100100000000000000000000
0000010001010000000100000000001100000000000000000000000
0001011001010000000000000000000010100000000000000000000
0000000000000000000000000000000000000000000000000000000
0000010010000011001000000000000000100000000000000000000
0001011100010010010000001000000010100000000000000000000
0001011101010000000000000000000010000000000000000000000
0000010010000000101000010000000000100000000000000000000
0000010010000011001000000000000000000000000000000000000
1000000000000100000000000000000000000000000000000000000
0001100001010000000100000000000010100000000000000000000
0000100110000000000000000000000000000000000000110000000
0000100000001000001000000000000000100000000000000000000
0000100101010000010000000000000000101000000000000000000
0000110101100000000000000000000000000010010000000000000
0000110001100000000000000000000000000000000010000000000
0000101010000000000000000000000000000000000000000010000
0000101001010000000000000000000000100100000000000000000
0001101010000000000000000000000011000000000000000000000
0000111000010000000000000000000000100000000000000100000
0000101100000000000000000000000000000001100000000000000
0001101100010000000100000000000010100000000000000000000
0001101101010000000100000000000010100000000000000000000
0000010010000000101000010000000000100000000000000000000
0000110000000000001000000000000000000001000000000000000
0000110100100000000000000000000000000010000100000000000
0001110001010000000100000000000010100000000000000000000
0000111001000000000000000000000000000000000000000000010
0000100111000000001000000000000000100000000000001000000
0001110100010000000100000000000010100000000000000000000
0001110101000000000000000000000011100000000000000000000
0000010010000000101000010000000000100000001000000000000
0000101000100000000000000000000000000010010000000000000
0001111000000000000000000000000011100000000000000000000
0100000000100000000000000000000000000000000000000000001
0000110010100000000000000000000000000000000000000001100
0000000000000000000000000000000000000000000000000000000
0000000000000000000000000000000000000000000000000000000
0000000000000000000000000000000000000000000000000000000
0000000000000000000000000000000000000000000000000000000
0000000000000000000000000000000000000000000000000000000
